-65--->[0, 1, 1, 1, 1, 1, 1]
-66--->[0, 1, 0, 0, 1]
-67--->[0, 1, 1, 0, 1]
-68--->[0, 0, 1, 0, 1, 0]
-69--->[0, 1, 0, 1, 1, 1]
-70--->[0, 1, 1, 1, 1, 0]
-72--->[0, 1, 1, 1, 0]
-73--->[0, 1, 0, 1, 1, 0]
-74--->[0, 0, 0, 0, 0, 1]
10--->[0, 1, 0, 1, 0, 0]
-75--->[1, 0, 0, 1, 0]
-76--->[1, 0, 0, 1, 1, 1]
-77--->[0, 0, 0, 0, 1, 1, 1]
-78--->[0, 1, 1, 0, 0]
13--->[1, 0, 0, 1, 1, 0]
-79--->[0, 0, 0, 0, 1, 1, 0]
-80--->[0, 0, 1, 1, 0]
32--->[1, 0, 0, 0]
44--->[0, 0, 0, 0, 1, 0, 1]
-47--->[1, 0, 1]
46--->[0, 0, 0, 0, 0, 0]
-48--->[1, 1]
-113--->[0, 0, 1, 0, 0]
-116--->[0, 0, 1, 0, 1, 1]
-117--->[0, 1, 0, 1, 0, 1]
-122--->[0, 0, 0, 0, 1, 0, 0]
-123--->[0, 1, 1, 1, 1, 1, 0]
-125--->[0, 0, 0, 1, 1]
-126--->[0, 0, 0, 1, 0]
-127--->[0, 1, 0, 0, 0]
-128--->[0, 0, 1, 1, 1]
